0.000013  0.135848  0.000013  0.000013  0.864039  0.000013  0.000013  0.000013  0.000013  0.000013  0.000013
0.000013  0.000013  0.000013  0.000013  0.999874  0.000013  0.000013  0.000013  0.000013  0.000013  0.000013
0.000013  0.225333  0.000013  0.000013  0.774554  0.000013  0.000013  0.000013  0.000013  0.000013  0.000013
0.000013  0.250428  0.000013  0.000013  0.749460  0.000013  0.000013  0.000013  0.000013  0.000013  0.000013
0.000013  0.034578  0.000013  0.000013  0.000013  0.000013  0.000013  0.000013  0.000013  0.000013  0.965310
0.000013  0.000013  0.000013  0.000013  0.000013  0.000013  0.000013  0.000013  0.000013  0.000013  0.999874
0.000013  0.000013  0.000013  0.000013  0.000013  0.000013  0.000013  0.000013  0.000013  0.000013  0.999874
0.000013  0.000013  0.000013  0.000013  0.000013  0.000013  0.000013  0.000013  0.000013  0.000013  0.999867
0.000013  0.000013  0.000013  0.000013  0.000013  0.000013  0.000013  0.000013  0.000013  0.000013  0.999874
0.000013  0.000013  0.000013  0.000013  0.000013  0.000013  0.000013  0.000013  0.000013  0.000013  0.999874
0.000013  0.000013  0.000013  0.000013  0.000013  0.000013  0.000013  0.000013  0.000013  0.000013  0.999870
0.000013  0.000013  0.000013  0.000013  0.020608  0.000013  0.000013  0.000013  0.000013  0.000013  0.979279
0.000013  0.000013  0.000013  0.000013  0.000013  0.000013  0.000013  0.000013  0.000013  0.000013  0.999875
0.000014  0.000014  0.000014  0.000014  0.000014  0.000014  0.000014  0.000014  0.000014  0.000014  0.999863
0.000013  0.000013  0.000013  0.000013  0.000013  0.000013  0.000013  0.000013  0.108705  0.000013  0.891181
0.000015  0.000015  0.000015  0.000015  0.000015  0.000015  0.000015  0.000015  0.000015  0.000015  0.999855
0.000013  0.000013  0.000013  0.000013  0.000013  0.000013  0.000013  0.000013  0.000013  0.000013  0.999874
0.000016  0.000016  0.000016  0.000016  0.000016  0.000016  0.037832  0.000016  0.000016  0.000016  0.962024
0.000013  0.000013  0.000013  0.000013  0.000013  0.000013  0.000013  0.000013  0.000013  0.000013  0.999874
0.000014  0.000014  0.000014  0.000014  0.000014  0.000014  0.000014  0.000014  0.000014  0.000014  0.999861
0.020226  0.000013  0.150215  0.000013  0.000013  0.000013  0.000013  0.000013  0.259144  0.000013  0.570326
0.000015  0.000015  0.165016  0.000015  0.000015  0.000015  0.000015  0.000015  0.297510  0.000015  0.537351
0.075885  0.000013  0.000013  0.000013  0.000013  0.000013  0.000013  0.000013  0.281523  0.000013  0.642489
0.000013  0.000013  0.199922  0.000013  0.000013  0.000013  0.000013  0.000013  0.134422  0.000013  0.665555
0.030927  0.000013  0.000013  0.000013  0.000013  0.110204  0.000013  0.000013  0.383794  0.000013  0.474986
0.000013  0.000013  0.342722  0.000013  0.000013  0.000013  0.000013  0.000013  0.194183  0.000013  0.462994
0.000013  0.000013  0.208484  0.000013  0.000013  0.000013  0.000013  0.000013  0.337995  0.000013  0.453420
0.000013  0.000013  0.174372  0.000013  0.000013  0.000013  0.000013  0.000013  0.189324  0.136816  0.499400
0.000013  0.000013  0.119743  0.000013  0.000013  0.000013  0.000013  0.000013  0.264585  0.085722  0.529857
0.000013  0.000013  0.775949  0.000013  0.000013  0.127798  0.000013  0.000013  0.000013  0.096153  0.000013
0.000013  0.000013  0.595066  0.000013  0.000013  0.000013  0.000013  0.000013  0.000013  0.404821  0.000013
0.000013  0.000013  0.553335  0.000013  0.000013  0.000013  0.000013  0.000013  0.000013  0.446552  0.000013
0.038921  0.000013  0.500053  0.000013  0.000013  0.000013  0.000013  0.000013  0.000013  0.460925  0.000013
0.000013  0.000013  0.581144  0.000013  0.000013  0.000013  0.000013  0.000013  0.000013  0.418743  0.000013
0.000013  0.000013  0.494408  0.000013  0.000013  0.000013  0.000013  0.000013  0.000013  0.505480  0.000013
0.000013  0.000013  0.556151  0.000013  0.000013  0.000013  0.000013  0.000013  0.000013  0.443736  0.000013
0.000013  0.000013  0.589457  0.000013  0.000013  0.000013  0.000013  0.000013  0.000013  0.410430  0.000013
0.000013  0.000013  0.579304  0.000013  0.000013  0.000013  0.000013  0.000013  0.000013  0.420583  0.000013
0.000013  0.000013  0.594853  0.000013  0.000013  0.000013  0.000013  0.000013  0.000013  0.405034  0.000013
0.303012  0.000013  0.000013  0.000013  0.000013  0.000013  0.000013  0.000013  0.000013  0.696875  0.000013
0.358193  0.000013  0.000013  0.000013  0.000013  0.000013  0.000013  0.000013  0.000013  0.641694  0.000013
0.000013  0.000013  0.438443  0.000013  0.000013  0.000013  0.000013  0.000013  0.000013  0.561443  0.000013
0.000013  0.000013  0.638387  0.000013  0.000013  0.000013  0.000013  0.000013  0.000013  0.361501  0.000013
0.000013  0.000013  0.000013  0.000013  0.000013  0.999871  0.000013  0.000013  0.000013  0.000013  0.000013
0.000013  0.000013  0.000013  0.000013  0.000013  0.999875  0.000013  0.000013  0.000013  0.000013  0.000013
0.000013  0.000013  0.000013  0.000013  0.000013  0.999874  0.000013  0.000013  0.000013  0.000013  0.000013
0.000013  0.000013  0.000013  0.000013  0.000013  0.999875  0.000013  0.000013  0.000013  0.000013  0.000013
0.000013  0.000013  0.000013  0.000013  0.000013  0.999874  0.000013  0.000013  0.000013  0.000013  0.000013
0.000013  0.000013  0.000013  0.000013  0.000013  0.999868  0.000013  0.000013  0.000013  0.000013  0.000013
0.000013  0.000013  0.000013  0.000013  0.000013  0.999871  0.000013  0.000013  0.000013  0.000013  0.000013
0.000013  0.000013  0.000013  0.000013  0.000013  0.999870  0.000013  0.000013  0.000013  0.000013  0.000013
0.000013  0.000013  0.000013  0.000013  0.000013  0.999874  0.000013  0.000013  0.000013  0.000013  0.000013
0.000013  0.000013  0.000013  0.000013  0.000013  0.999874  0.000013  0.000013  0.000013  0.000013  0.000013
0.000013  0.000013  0.000013  0.000013  0.000013  0.000013  0.000013  0.000013  0.000013  0.999874  0.000013
0.000013  0.000013  0.000013  0.000013  0.000013  0.000013  0.000013  0.000013  0.000013  0.999874  0.000013
0.000013  0.000013  0.000013  0.000013  0.000013  0.000013  0.000013  0.000013  0.000013  0.999874  0.000013
0.000013  0.000013  0.000013  0.000013  0.000013  0.000013  0.000013  0.000013  0.000013  0.999874  0.000013
0.000013  0.000013  0.000013  0.000013  0.000013  0.000013  0.000013  0.000013  0.000013  0.999874  0.000013
0.000013  0.000013  0.000013  0.000013  0.000013  0.000013  0.000013  0.000013  0.000013  0.999875  0.000013
0.000013  0.000013  0.000013  0.000013  0.000013  0.000013  0.000013  0.000013  0.000013  0.999875  0.000013
0.000013  0.000013  0.000013  0.000013  0.000013  0.000013  0.000013  0.000013  0.000013  0.999875  0.000013
0.000013  0.000013  0.000013  0.000013  0.000013  0.000013  0.000013  0.000013  0.000013  0.999875  0.000013
0.000013  0.187351  0.000013  0.000013  0.812536  0.000013  0.000013  0.000013  0.000013  0.000013  0.000013
0.000013  0.264940  0.000013  0.069269  0.665687  0.000013  0.000013  0.000013  0.000013  0.000013  0.000013
0.000013  0.000013  0.000013  0.000013  0.000013  0.000013  0.000013  0.000013  0.000013  0.999874  0.000013
0.000013  0.000013  0.000013  0.000013  0.000013  0.000013  0.000013  0.000013  0.000013  0.999870  0.000013
0.000013  0.000013  0.000013  0.000013  0.000013  0.000013  0.000013  0.000013  0.000013  0.999875  0.000013
0.000013  0.000013  0.000013  0.000013  0.000013  0.000013  0.000013  0.000013  0.000013  0.999872  0.000013
0.000013  0.000013  0.000013  0.000013  0.000013  0.000013  0.000013  0.000013  0.000013  0.999874  0.000013
0.000013  0.000013  0.000013  0.000013  0.000013  0.000013  0.000013  0.000013  0.000013  0.999874  0.000013
0.000013  0.000013  0.000013  0.000013  0.000013  0.000013  0.000013  0.000013  0.000013  0.999874  0.000013
0.000013  0.000013  0.000013  0.000013  0.000013  0.000013  0.000013  0.000013  0.000013  0.999875  0.000013
0.000013  0.000013  0.000013  0.000013  0.000013  0.000013  0.000013  0.000013  0.000013  0.999874  0.000013
0.000013  0.000013  0.000013  0.000013  0.000013  0.000013  0.000013  0.000013  0.000013  0.999871  0.000013
0.000013  0.000013  0.000013  0.000013  0.000013  0.000013  0.000013  0.000013  0.000013  0.999873  0.000013
0.000013  0.082814  0.000013  0.000013  0.120979  0.000013  0.000013  0.000013  0.796106  0.000013  0.000013
0.000013  0.000013  0.000013  0.000013  0.112307  0.000013  0.000013  0.000013  0.887580  0.000013  0.000013
0.000013  0.000013  0.000013  0.000013  0.182898  0.000013  0.000013  0.000013  0.816988  0.000013  0.000013
0.000013  0.000013  0.000013  0.000013  0.170455  0.000013  0.000013  0.000013  0.829431  0.000013  0.000013
0.000013  0.042873  0.000013  0.000013  0.000013  0.000013  0.000013  0.000013  0.957014  0.000013  0.000013
0.000013  0.000013  0.026434  0.000013  0.126073  0.000013  0.000013  0.000013  0.847393  0.000013  0.000013
0.000013  0.000013  0.000013  0.000013  0.084669  0.000013  0.000013  0.000013  0.915218  0.000013  0.000013
0.000013  0.000013  0.000013  0.000013  0.000013  0.000013  0.000013  0.000013  0.999874  0.000013  0.000013
0.000013  0.000013  0.000013  0.000013  0.134937  0.000013  0.000013  0.000013  0.864950  0.000013  0.000013
0.000013  0.000013  0.000013  0.000013  0.130062  0.000013  0.000013  0.033981  0.835856  0.000013  0.000013
0.000013  0.000013  0.000013  0.000013  0.108790  0.000013  0.000013  0.000013  0.891097  0.000013  0.000013
0.000013  0.054919  0.069337  0.000013  0.071224  0.000013  0.000013  0.000013  0.804432  0.000013  0.000013
0.000013  0.000013  0.000013  0.000013  0.143145  0.000013  0.000013  0.000013  0.856742  0.000013  0.000013
0.000013  0.000013  0.000013  0.000013  0.151542  0.000013  0.000013  0.000013  0.848345  0.000013  0.000013
0.000013  0.123397  0.000013  0.000013  0.088490  0.000013  0.000013  0.000013  0.788012  0.000013  0.000013
0.000013  0.078965  0.000013  0.000013  0.098426  0.000013  0.000013  0.000013  0.822508  0.000013  0.000013
0.000013  0.000013  0.000013  0.000013  0.170213  0.000013  0.000013  0.000013  0.829674  0.000013  0.000013
0.000013  0.099301  0.000013  0.000013  0.000013  0.000013  0.000013  0.000013  0.900586  0.000013  0.000013
0.000013  0.106386  0.000013  0.000013  0.000013  0.000013  0.000013  0.000013  0.893501  0.000013  0.000013
0.000013  0.254226  0.000013  0.000013  0.658066  0.000013  0.020641  0.000013  0.066979  0.000013  0.000013
0.000013  0.171935  0.000013  0.000013  0.670600  0.000013  0.000013  0.000013  0.157363  0.000013  0.000013
0.000013  0.181370  0.000013  0.000013  0.570000  0.000013  0.000013  0.000013  0.231481  0.000013  0.017056
0.000013  0.077513  0.000013  0.000013  0.710369  0.000013  0.000013  0.000013  0.212018  0.000013  0.000013
0.000013  0.000013  0.000013  0.000013  0.000013  0.025699  0.000013  0.000013  0.974187  0.000013  0.000013
0.000013  0.000013  0.000013  0.000013  0.000013  0.000013  0.000013  0.000013  0.999875  0.000013  0.000013
0.000013  0.000013  0.000013  0.000013  0.000013  0.000013  0.000013  0.000013  0.999874  0.000013  0.000013
0.000013  0.000013  0.000013  0.000013  0.000013  0.000013  0.000013  0.000013  0.999869  0.000013  0.000013
0.000013  0.000013  0.000013  0.000013  0.000013  0.000013  0.000013  0.000013  0.999874  0.000013  0.000013
0.000013  0.000013  0.000013  0.000013  0.000013  0.000013  0.000013  0.000013  0.999873  0.000013  0.000013
0.000014  0.000014  0.000014  0.000014  0.000014  0.000014  0.000014  0.000014  0.999859  0.000014  0.000014
0.000013  0.000013  0.000013  0.000013  0.000013  0.000013  0.000013  0.000013  0.999874  0.000013  0.000013
0.000013  0.000013  0.044483  0.000013  0.000013  0.000013  0.000013  0.000013  0.955403  0.000013  0.000013
0.000013  0.000013  0.000013  0.000013  0.000013  0.000013  0.000013  0.000013  0.999874  0.000013  0.000013
0.000013  0.000013  0.000013  0.000013  0.000013  0.000013  0.000013  0.000013  0.999873  0.000013  0.000013
0.000013  0.000013  0.024537  0.000013  0.191717  0.000013  0.000013  0.000013  0.783644  0.000013  0.000013
0.000013  0.115986  0.000013  0.000013  0.000013  0.000013  0.000013  0.019307  0.864606  0.000013  0.000013
0.000013  0.000013  0.037935  0.000013  0.135546  0.000013  0.000013  0.000013  0.826417  0.000013  0.000013
0.000013  0.000013  0.000013  0.000013  0.151557  0.000013  0.052541  0.000013  0.795801  0.000013  0.000013
0.000013  0.000013  0.000013  0.000013  0.167209  0.000013  0.056533  0.000013  0.776157  0.000013  0.000013
0.000013  0.000013  0.000013  0.000013  0.167535  0.000013  0.041686  0.000013  0.790678  0.000013  0.000013
0.000013  0.000013  0.000013  0.000013  0.000013  0.000013  0.000013  0.000013  0.999873  0.000013  0.000013
0.000013  0.000013  0.000013  0.000013  0.025977  0.000013  0.000013  0.000013  0.973909  0.000013  0.000013
0.000013  0.000013  0.000013  0.000013  0.000013  0.000013  0.000013  0.000013  0.942007  0.000013  0.057877
0.000013  0.000013  0.000013  0.000013  0.043901  0.000013  0.000013  0.000013  0.955985  0.000013  0.000013
0.000013  0.000013  0.000013  0.000013  0.000013  0.000013  0.000013  0.000013  0.942715  0.000013  0.057172
0.000013  0.000013  0.000013  0.000013  0.000013  0.000013  0.000013  0.000013  0.971018  0.000013  0.028868
0.000014  0.000014  0.000014  0.000014  0.000014  0.000014  0.000014  0.000014  0.917399  0.000014  0.082472
0.000013  0.000013  0.000013  0.000013  0.000013  0.000013  0.000013  0.000013  0.999874  0.000013  0.000013
0.000013  0.014437  0.000013  0.000013  0.000013  0.000013  0.000013  0.000013  0.985450  0.000013  0.000013
0.062572  0.134930  0.000013  0.000013  0.000013  0.000013  0.089127  0.000013  0.713283  0.000013  0.000013
0.000013  0.000013  0.000013  0.000013  0.000013  0.000013  0.000013  0.000013  0.999874  0.000013  0.000013
0.000013  0.000013  0.000013  0.000013  0.000013  0.000013  0.000013  0.000013  0.999870  0.000013  0.000013
0.000013  0.000013  0.000013  0.000013  0.000013  0.000013  0.000013  0.000013  0.999874  0.000013  0.000013
0.000013  0.000013  0.000013  0.000013  0.000013  0.000013  0.000013  0.000013  0.999872  0.000013  0.000013
0.000013  0.000013  0.000013  0.000013  0.000013  0.000013  0.000013  0.000013  0.999874  0.000013  0.000013
0.000013  0.000013  0.000013  0.000013  0.000013  0.000013  0.000013  0.000013  0.999873  0.000013  0.000013
0.000013  0.014469  0.000013  0.000013  0.000013  0.000013  0.000013  0.000013  0.985413  0.000013  0.000013
0.000013  0.000013  0.000013  0.000013  0.000013  0.000013  0.000013  0.042214  0.957668  0.000013  0.000013
0.000013  0.000013  0.000013  0.000013  0.000013  0.000013  0.000013  0.000013  0.999871  0.000013  0.000013
0.000013  0.000013  0.000013  0.000013  0.000013  0.000013  0.000013  0.000013  0.999874  0.000013  0.000013
0.000013  0.170176  0.000013  0.000013  0.000013  0.000013  0.000013  0.000013  0.465145  0.000013  0.364577
0.000013  0.000013  0.000013  0.000013  0.064314  0.000013  0.000013  0.000013  0.874674  0.000013  0.060906
0.000013  0.000013  0.057577  0.000013  0.052337  0.000013  0.097041  0.063214  0.588066  0.068625  0.073090
0.000013  0.000013  0.000013  0.000013  0.000013  0.000013  0.000013  0.000013  0.999872  0.000013  0.000013
0.000013  0.000013  0.000013  0.000013  0.000013  0.000013  0.000013  0.000013  0.927066  0.000013  0.072820
0.000013  0.000013  0.000013  0.000013  0.000013  0.000013  0.000013  0.000013  0.907828  0.000013  0.092058
0.000013  0.000013  0.105430  0.000013  0.000013  0.000013  0.000013  0.000013  0.796565  0.000013  0.097903
0.000013  0.000013  0.111664  0.000013  0.000013  0.000013  0.000013  0.000013  0.888221  0.000013  0.000013
0.000013  0.000013  0.000013  0.000013  0.000013  0.000013  0.000013  0.000013  0.946112  0.000013  0.053769
0.075974  0.000014  0.000014  0.000014  0.000014  0.000014  0.000014  0.000014  0.923899  0.000014  0.000014
0.000013  0.000013  0.000013  0.000013  0.000013  0.000013  0.000013  0.000013  0.999872  0.000013  0.000013
0.000013  0.000013  0.000013  0.000013  0.000013  0.000013  0.000013  0.000013  0.941428  0.000013  0.058458
0.000013  0.000013  0.000013  0.000013  0.000013  0.000013  0.000013  0.000013  0.914393  0.029079  0.056427
0.000013  0.000013  0.062442  0.000013  0.033735  0.000013  0.000013  0.000013  0.903721  0.000013  0.000013
0.000013  0.999874  0.000013  0.000013  0.000013  0.000013  0.000013  0.000013  0.000013  0.000013  0.000013
0.000013  0.999870  0.000013  0.000013  0.000013  0.000013  0.000013  0.000013  0.000013  0.000013  0.000013
0.000013  0.817031  0.000013  0.000013  0.182856  0.000013  0.000013  0.000013  0.000013  0.000013  0.000013
0.000013  0.919754  0.000013  0.000013  0.080134  0.000013  0.000013  0.000013  0.000013  0.000013  0.000013
0.000013  0.853746  0.000013  0.000013  0.146140  0.000013  0.000013  0.000013  0.000013  0.000013  0.000013
0.000014  0.000014  0.563826  0.000014  0.000014  0.000014  0.000014  0.000014  0.436051  0.000014  0.000014
0.000013  0.000013  0.616309  0.000013  0.000013  0.000013  0.000013  0.000013  0.250074  0.000013  0.133516
0.000013  0.000013  0.598137  0.000013  0.000013  0.000013  0.000013  0.000013  0.263671  0.000013  0.138091
0.000013  0.000013  0.999872  0.000013  0.000013  0.000013  0.000013  0.000013  0.000013  0.000013  0.000013
0.000013  0.000013  0.960640  0.000013  0.039247  0.000013  0.000013  0.000013  0.000013  0.000013  0.000013
0.000013  0.000013  0.999875  0.000013  0.000013  0.000013  0.000013  0.000013  0.000013  0.000013  0.000013
0.063442  0.000013  0.444818  0.000013  0.000013  0.000013  0.000013  0.000013  0.324635  0.167017  0.000013
0.000013  0.000013  0.613444  0.000013  0.029079  0.000013  0.000013  0.000013  0.000013  0.357375  0.000013
0.000013  0.000013  0.765259  0.000013  0.000013  0.000013  0.000013  0.000013  0.000013  0.234627  0.000013
0.000013  0.000013  0.609765  0.000013  0.000013  0.000013  0.000013  0.000013  0.000013  0.390121  0.000013
0.000013  0.000013  0.999873  0.000013  0.000013  0.000013  0.000013  0.000013  0.000013  0.000013  0.000013
0.000013  0.000013  0.999873  0.000013  0.000013  0.000013  0.000013  0.000013  0.000013  0.000013  0.000013
0.000013  0.000013  0.954386  0.000013  0.000013  0.000013  0.000013  0.000013  0.000013  0.045500  0.000013
0.000013  0.000013  0.542697  0.000013  0.000013  0.000013  0.000013  0.000013  0.000013  0.457190  0.000013
0.000013  0.000013  0.537766  0.000013  0.000013  0.044039  0.000013  0.000013  0.000013  0.418094  0.000013
0.000013  0.000013  0.506906  0.000013  0.000013  0.000013  0.000013  0.000013  0.000013  0.492980  0.000013
0.000013  0.000013  0.537759  0.000013  0.000013  0.000013  0.000013  0.000013  0.000013  0.462127  0.000013
0.000013  0.000013  0.553927  0.000013  0.000013  0.000013  0.000013  0.000013  0.000013  0.445959  0.000013
0.000013  0.000013  0.558875  0.000013  0.000013  0.000013  0.000013  0.000013  0.000013  0.441011  0.000013
0.000013  0.000013  0.451693  0.000013  0.000013  0.000013  0.000013  0.000013  0.000013  0.548192  0.000013
0.000013  0.000013  0.410974  0.000013  0.000013  0.000013  0.000013  0.000013  0.000013  0.588913  0.000013
0.000013  0.000013  0.484718  0.000013  0.000013  0.000013  0.000013  0.000013  0.000013  0.515169  0.000013
0.000013  0.000013  0.421775  0.000013  0.000013  0.017539  0.000013  0.000013  0.000013  0.560584  0.000013
0.999874  0.000013  0.000013  0.000013  0.000013  0.000013  0.000013  0.000013  0.000013  0.000013  0.000013
0.999874  0.000013  0.000013  0.000013  0.000013  0.000013  0.000013  0.000013  0.000013  0.000013  0.000013
0.999875  0.000013  0.000013  0.000013  0.000013  0.000013  0.000013  0.000013  0.000013  0.000013  0.000013
0.999874  0.000013  0.000013  0.000013  0.000013  0.000013  0.000013  0.000013  0.000013  0.000013  0.000013
0.999858  0.000014  0.000014  0.000014  0.000014  0.000014  0.000014  0.000014  0.000014  0.000014  0.000014
0.999874  0.000013  0.000013  0.000013  0.000013  0.000013  0.000013  0.000013  0.000013  0.000013  0.000013
0.999874  0.000013  0.000013  0.000013  0.000013  0.000013  0.000013  0.000013  0.000013  0.000013  0.000013
0.999874  0.000013  0.000013  0.000013  0.000013  0.000013  0.000013  0.000013  0.000013  0.000013  0.000013
0.855414  0.000013  0.000013  0.000013  0.000013  0.000013  0.000013  0.000013  0.000013  0.144471  0.000013
0.999873  0.000013  0.000013  0.000013  0.000013  0.000013  0.000013  0.000013  0.000013  0.000013  0.000013
0.999873  0.000013  0.000013  0.000013  0.000013  0.000013  0.000013  0.000013  0.000013  0.000013  0.000013
0.999875  0.000013  0.000013  0.000013  0.000013  0.000013  0.000013  0.000013  0.000013  0.000013  0.000013
0.999874  0.000013  0.000013  0.000013  0.000013  0.000013  0.000013  0.000013  0.000013  0.000013  0.000013
0.958646  0.000013  0.000013  0.000013  0.000013  0.000013  0.000013  0.000013  0.000013  0.041241  0.000013
0.999874  0.000013  0.000013  0.000013  0.000013  0.000013  0.000013  0.000013  0.000013  0.000013  0.000013
0.999874  0.000013  0.000013  0.000013  0.000013  0.000013  0.000013  0.000013  0.000013  0.000013  0.000013
0.883114  0.000012  0.000012  0.000012  0.000012  0.000012  0.000012  0.000012  0.116773  0.000012  0.000012
0.999875  0.000013  0.000013  0.000013  0.000013  0.000013  0.000013  0.000013  0.000013  0.000013  0.000013
0.999874  0.000013  0.000013  0.000013  0.000013  0.000013  0.000013  0.000013  0.000013  0.000013  0.000013
0.999874  0.000013  0.000013  0.000013  0.000013  0.000013  0.000013  0.000013  0.000013  0.000013  0.000013
0.762772  0.000013  0.237116  0.000013  0.000013  0.000013  0.000013  0.000013  0.000013  0.000013  0.000013
0.824303  0.000013  0.000013  0.000013  0.000013  0.000013  0.000013  0.000013  0.000013  0.175584  0.000013
0.870098  0.000013  0.000013  0.000013  0.000013  0.000013  0.000013  0.000013  0.000013  0.129788  0.000013
0.248620  0.000013  0.737991  0.000013  0.013285  0.000013  0.000013  0.000013  0.000013  0.000013  0.000013
0.000013  0.000013  0.999869  0.000013  0.000013  0.000013  0.000013  0.000013  0.000013  0.000013  0.000013
0.000013  0.000013  0.999874  0.000013  0.000013  0.000013  0.000013  0.000013  0.000013  0.000013  0.000013
0.000013  0.000013  0.999874  0.000013  0.000013  0.000013  0.000013  0.000013  0.000013  0.000013  0.000013
0.000013  0.000013  0.999874  0.000013  0.000013  0.000013  0.000013  0.000013  0.000013  0.000013  0.000013
0.000013  0.000013  0.999875  0.000013  0.000013  0.000013  0.000013  0.000013  0.000013  0.000013  0.000013
0.000013  0.000013  0.999874  0.000013  0.000013  0.000013  0.000013  0.000013  0.000013  0.000013  0.000013
0.000013  0.000013  0.999874  0.000013  0.000013  0.000013  0.000013  0.000013  0.000013  0.000013  0.000013
0.000014  0.000014  0.999859  0.000014  0.000014  0.000014  0.000014  0.000014  0.000014  0.000014  0.000014
0.000013  0.000013  0.999874  0.000013  0.000013  0.000013  0.000013  0.000013  0.000013  0.000013  0.000013
0.000013  0.000013  0.999874  0.000013  0.000013  0.000013  0.000013  0.000013  0.000013  0.000013  0.000013
0.000013  0.000013  0.999874  0.000013  0.000013  0.000013  0.000013  0.000013  0.000013  0.000013  0.000013
0.000013  0.000013  0.999874  0.000013  0.000013  0.000013  0.000013  0.000013  0.000013  0.000013  0.000013
0.000015  0.000015  0.000015  0.000015  0.000015  0.000015  0.000015  0.999853  0.000015  0.000015  0.000015
0.000017  0.000017  0.000017  0.000017  0.000017  0.000017  0.000017  0.999826  0.000017  0.000017  0.000017
0.000014  0.000014  0.000014  0.000014  0.000014  0.000014  0.000014  0.999865  0.000014  0.000014  0.000014
0.000013  0.000013  0.000013  0.000013  0.999874  0.000013  0.000013  0.000013  0.000013  0.000013  0.000013
0.000013  0.000013  0.000013  0.000013  0.999873  0.000013  0.000013  0.000013  0.000013  0.000013  0.000013
0.000013  0.000013  0.000013  0.000013  0.999874  0.000013  0.000013  0.000013  0.000013  0.000013  0.000013
0.000013  0.000013  0.000013  0.000013  0.999874  0.000013  0.000013  0.000013  0.000013  0.000013  0.000013
0.000013  0.000013  0.000013  0.000013  0.999874  0.000013  0.000013  0.000013  0.000013  0.000013  0.000013
0.000013  0.000013  0.000013  0.000013  0.999874  0.000013  0.000013  0.000013  0.000013  0.000013  0.000013
0.000013  0.000013  0.000013  0.000013  0.999875  0.000013  0.000013  0.000013  0.000013  0.000013  0.000013
0.000013  0.000013  0.000013  0.000013  0.999875  0.000013  0.000013  0.000013  0.000013  0.000013  0.000013
0.000013  0.000013  0.000013  0.000013  0.999874  0.000013  0.000013  0.000013  0.000013  0.000013  0.000013
0.000013  0.000013  0.000013  0.000013  0.999875  0.000013  0.000013  0.000013  0.000013  0.000013  0.000013
0.000013  0.352910  0.000013  0.000013  0.458593  0.000013  0.000013  0.000013  0.188397  0.000013  0.000013
0.000013  0.337244  0.000013  0.000013  0.377911  0.000013  0.000013  0.000013  0.284745  0.000013  0.000013
0.000013  0.357150  0.000013  0.000013  0.432307  0.000013  0.000013  0.000013  0.210444  0.000013  0.000013
0.000013  0.999874  0.000013  0.000013  0.000013  0.000013  0.000013  0.000013  0.000013  0.000013  0.000013
0.000013  0.964461  0.000013  0.000013  0.035425  0.000013  0.000013  0.000013  0.000013  0.000013  0.000013
0.000013  0.999874  0.000013  0.000013  0.000013  0.000013  0.000013  0.000013  0.000013  0.000013  0.000013
0.000013  0.959639  0.000013  0.000013  0.040248  0.000013  0.000013  0.000013  0.000013  0.000013  0.000013
0.000013  0.917349  0.000013  0.000013  0.082538  0.000013  0.000013  0.000013  0.000013  0.000013  0.000013
0.000012  0.999875  0.000012  0.000012  0.000012  0.000012  0.000012  0.000012  0.000012  0.000012  0.000012
0.000012  0.885823  0.000012  0.000012  0.114064  0.000012  0.000012  0.000012  0.000012  0.000012  0.000012
0.000013  0.815930  0.000013  0.000013  0.183958  0.000013  0.000013  0.000013  0.000013  0.000013  0.000013
0.000013  0.769327  0.000013  0.000013  0.230560  0.000013  0.000013  0.000013  0.000013  0.000013  0.000013
0.000013  0.917980  0.000013  0.000013  0.081907  0.000013  0.000013  0.000013  0.000013  0.000013  0.000013
0.000013  0.890916  0.000013  0.000013  0.108971  0.000013  0.000013  0.000013  0.000013  0.000013  0.000013
0.000013  0.793078  0.000013  0.065531  0.141291  0.000013  0.000013  0.000013  0.000013  0.000013  0.000013
0.000012  0.688680  0.000012  0.059369  0.251851  0.000012  0.000012  0.000012  0.000012  0.000012  0.000012
0.000013  0.330229  0.000013  0.669658  0.000013  0.000013  0.000013  0.000013  0.000013  0.000013  0.000013
0.000013  0.028476  0.000013  0.971411  0.000013  0.000013  0.000013  0.000013  0.000013  0.000013  0.000013
0.000012  0.000012  0.000012  0.999876  0.000012  0.000012  0.000012  0.000012  0.000012  0.000012  0.000012
0.000012  0.000012  0.000012  0.999875  0.000012  0.000012  0.000012  0.000012  0.000012  0.000012  0.000012
0.000013  0.000013  0.000013  0.999874  0.000013  0.000013  0.000013  0.000013  0.000013  0.000013  0.000013
0.000012  0.000012  0.000012  0.999875  0.000012  0.000012  0.000012  0.000012  0.000012  0.000012  0.000012
0.000012  0.000012  0.000012  0.999875  0.000012  0.000012  0.000012  0.000012  0.000012  0.000012  0.000012
0.000013  0.000013  0.000013  0.999875  0.000013  0.000013  0.000013  0.000013  0.000013  0.000013  0.000013
0.000013  0.000013  0.000013  0.999875  0.000013  0.000013  0.000013  0.000013  0.000013  0.000013  0.000013
0.000013  0.000013  0.000013  0.999875  0.000013  0.000013  0.000013  0.000013  0.000013  0.000013  0.000013
0.000013  0.000013  0.000013  0.999875  0.000013  0.000013  0.000013  0.000013  0.000013  0.000013  0.000013
0.000013  0.000013  0.000013  0.999875  0.000013  0.000013  0.000013  0.000013  0.000013  0.000013  0.000013
0.000013  0.000013  0.000013  0.999875  0.000013  0.000013  0.000013  0.000013  0.000013  0.000013  0.000013
0.000013  0.000013  0.000013  0.999875  0.000013  0.000013  0.000013  0.000013  0.000013  0.000013  0.000013
0.000013  0.826390  0.000013  0.000013  0.173497  0.000013  0.000013  0.000013  0.000013  0.000013  0.000013
0.000013  0.712919  0.000013  0.000013  0.286967  0.000013  0.000013  0.000013  0.000013  0.000013  0.000013
0.000013  0.000013  0.000013  0.836132  0.000013  0.000013  0.000013  0.163756  0.000013  0.000013  0.000013
0.000013  0.000013  0.000013  0.807303  0.000013  0.000013  0.000013  0.192585  0.000013  0.000013  0.000013
0.000012  0.000012  0.000012  0.805039  0.000012  0.000012  0.000012  0.194848  0.000012  0.000012  0.000012
0.000013  0.032457  0.000013  0.696533  0.000013  0.000013  0.000013  0.270910  0.000013  0.000013  0.000013
0.000013  0.857916  0.000013  0.141969  0.000013  0.000013  0.000013  0.000013  0.000013  0.000013  0.000013
0.000013  0.764850  0.000013  0.200392  0.000013  0.000013  0.000013  0.034656  0.000013  0.000013  0.000013
0.000013  0.727627  0.000013  0.231613  0.000013  0.000013  0.000013  0.040658  0.000013  0.000013  0.000013
0.000013  0.891944  0.000013  0.107942  0.000013  0.000013  0.000013  0.000013  0.000013  0.000013  0.000013
0.000013  0.999873  0.000013  0.000013  0.000013  0.000013  0.000013  0.000013  0.000013  0.000013  0.000013
0.000013  0.999873  0.000013  0.000013  0.000013  0.000013  0.000013  0.000013  0.000013  0.000013  0.000013
0.000013  0.999873  0.000013  0.000013  0.000013  0.000013  0.000013  0.000013  0.000013  0.000013  0.000013
0.000013  0.999873  0.000013  0.000013  0.000013  0.000013  0.000013  0.000013  0.000013  0.000013  0.000013
0.000013  0.999873  0.000013  0.000013  0.000013  0.000013  0.000013  0.000013  0.000013  0.000013  0.000013
0.000013  0.999874  0.000013  0.000013  0.000013  0.000013  0.000013  0.000013  0.000013  0.000013  0.000013
0.000013  0.999873  0.000013  0.000013  0.000013  0.000013  0.000013  0.000013  0.000013  0.000013  0.000013
0.000013  0.999874  0.000013  0.000013  0.000013  0.000013  0.000013  0.000013  0.000013  0.000013  0.000013
0.000013  0.908488  0.000013  0.091398  0.000013  0.000013  0.000013  0.000013  0.000013  0.000013  0.000013
0.000013  0.000013  0.000013  0.000013  0.602803  0.000013  0.000013  0.288347  0.108749  0.000013  0.000013
0.000012  0.000012  0.000012  0.000012  0.588745  0.000012  0.000012  0.304603  0.106552  0.000012  0.000012
0.000013  0.000013  0.000013  0.000013  0.610548  0.000013  0.000013  0.255942  0.133409  0.000013  0.000013
0.000013  0.000013  0.000013  0.000013  0.575576  0.000013  0.000013  0.300520  0.123803  0.000013  0.000013
0.000013  0.126150  0.000013  0.000013  0.773575  0.000013  0.000013  0.000013  0.100175  0.000013  0.000013
0.000013  0.000013  0.000013  0.000013  0.000013  0.472496  0.000013  0.000013  0.000013  0.163645  0.363757
0.000014  0.000014  0.000014  0.000014  0.000014  0.402687  0.000014  0.000014  0.000014  0.220014  0.377189
0.000013  0.000013  0.259424  0.000013  0.000013  0.403180  0.000013  0.000013  0.029716  0.000013  0.307588
0.000019  0.233623  0.000019  0.000019  0.447982  0.000019  0.000019  0.000019  0.247142  0.000019  0.071122
0.000018  0.135450  0.000018  0.000018  0.371133  0.000018  0.000018  0.000018  0.493270  0.000018  0.000018
0.000018  0.000018  0.000018  0.000018  0.500256  0.000018  0.000018  0.288299  0.211300  0.000018  0.000018
0.000017  0.000017  0.000017  0.000017  0.373351  0.000017  0.000017  0.490188  0.136322  0.000017  0.000017
0.000016  0.000016  0.000016  0.022785  0.154154  0.000016  0.000016  0.822935  0.000016  0.000016  0.000016
0.000019  0.235503  0.000019  0.306159  0.000019  0.000019  0.000019  0.458188  0.000019  0.000019  0.000019
0.000017  0.000017  0.000017  0.000017  0.288444  0.000017  0.000017  0.550354  0.161063  0.000017  0.000017
0.000018  0.000018  0.000018  0.000018  0.422542  0.000018  0.000018  0.332415  0.244896  0.000018  0.000018
0.000017  0.070669  0.000017  0.000017  0.211011  0.000017  0.000017  0.718180  0.000017  0.000017  0.000017
0.000018  0.138447  0.000018  0.000018  0.454204  0.000018  0.000018  0.341408  0.065814  0.000018  0.000018
0.000019  0.000019  0.000019  0.000019  0.414882  0.000019  0.000019  0.418478  0.166490  0.000019  0.000019
0.000018  0.000018  0.000018  0.102701  0.408252  0.000018  0.000018  0.365955  0.000018  0.000018  0.122966
0.000017  0.367361  0.000017  0.142662  0.284103  0.000017  0.000017  0.205751  0.000017  0.000017  0.000017
0.000018  0.054822  0.000018  0.000018  0.294979  0.000018  0.000018  0.650058  0.000018  0.000018  0.000018
0.000018  0.000018  0.000018  0.000018  0.000018  0.000018  0.000018  0.960637  0.039199  0.000018  0.000018
0.000018  0.000018  0.000018  0.000018  0.000018  0.000018  0.000018  0.999817  0.000018  0.000018  0.000018
0.000019  0.000019  0.000019  0.000019  0.038908  0.000019  0.000019  0.960926  0.000019  0.000019  0.000019
0.000020  0.866494  0.000020  0.133330  0.000020  0.000020  0.000020  0.000020  0.000020  0.000020  0.000020
0.000019  0.000019  0.226236  0.000019  0.112970  0.000019  0.000019  0.000019  0.580782  0.000019  0.079879
0.000019  0.736916  0.000019  0.190116  0.000019  0.000019  0.072820  0.000019  0.000019  0.000019  0.000019
0.000018  0.079346  0.000018  0.000018  0.359018  0.000018  0.000018  0.000018  0.561493  0.000018  0.000018
0.000017  0.822844  0.000017  0.000017  0.063681  0.000017  0.046314  0.067043  0.000017  0.000017  0.000017
0.000018  0.257078  0.000018  0.000018  0.350850  0.000018  0.000018  0.000018  0.299654  0.000018  0.092290
0.000018  0.643906  0.000018  0.147291  0.078229  0.000018  0.030851  0.099614  0.000018  0.000018  0.000018
0.000018  0.479177  0.000018  0.000018  0.198023  0.000018  0.000018  0.067873  0.254804  0.000018  0.000018
0.000018  0.505671  0.000018  0.192314  0.000018  0.000018  0.197988  0.043844  0.000018  0.000018  0.060072
0.000019  0.578791  0.000019  0.281289  0.064757  0.000019  0.000019  0.000019  0.000019  0.000019  0.075031
0.000018  0.812274  0.000018  0.135909  0.000018  0.000018  0.000018  0.000018  0.000018  0.000018  0.051673
0.000018  0.148002  0.000018  0.756637  0.095219  0.000018  0.000018  0.000018  0.000018  0.000018  0.000018
0.000019  0.000019  0.000019  0.248119  0.000019  0.000019  0.751709  0.000019  0.000019  0.000019  0.000019
0.000018  0.000018  0.000018  0.187725  0.000018  0.000018  0.000018  0.812114  0.000018  0.000018  0.000018
0.000017  0.000017  0.000017  0.239413  0.000017  0.000017  0.760430  0.000017  0.000017  0.000017  0.000017
0.000017  0.000017  0.000017  0.258104  0.000017  0.000017  0.582771  0.158986  0.000017  0.000017  0.000017
0.000017  0.000017  0.000017  0.154651  0.000017  0.000017  0.456301  0.354669  0.000017  0.000017  0.034262
0.000016  0.000016  0.000016  0.111608  0.000016  0.000016  0.585580  0.103174  0.000016  0.000016  0.199525
0.000017  0.000017  0.000017  0.000017  0.000017  0.000017  0.691182  0.308667  0.000017  0.000017  0.000017
0.000016  0.000016  0.000016  0.590082  0.000016  0.000016  0.409771  0.000016  0.000016  0.000016  0.000016
0.000016  0.000016  0.000016  0.430618  0.000016  0.000016  0.569234  0.000016  0.000016  0.000016  0.000016
0.000017  0.000017  0.000017  0.157378  0.000017  0.000017  0.557871  0.228750  0.055882  0.000017  0.000017
0.000016  0.000016  0.000016  0.077124  0.000016  0.000016  0.134587  0.788159  0.000016  0.000016  0.000016
0.000020  0.000020  0.000020  0.257499  0.000020  0.000020  0.534189  0.208156  0.000020  0.000020  0.000020
0.000017  0.000017  0.000017  0.000017  0.000017  0.000017  0.125993  0.873853  0.000017  0.000017  0.000017
0.000016  0.000016  0.000016  0.075181  0.000016  0.000016  0.565392  0.359296  0.000016  0.000016  0.000016
0.000018  0.000018  0.000018  0.244927  0.000018  0.000018  0.302692  0.452239  0.000018  0.000018  0.000018
0.000017  0.000017  0.000017  0.000017  0.000017  0.000017  0.451087  0.300578  0.000017  0.000017  0.248196
0.000017  0.000017  0.000017  0.000017  0.000017  0.000017  0.364610  0.478216  0.000017  0.000017  0.157036
0.000017  0.000017  0.000017  0.073761  0.000017  0.000017  0.486355  0.320803  0.000017  0.000017  0.118962
0.000017  0.000017  0.000017  0.000017  0.000017  0.000017  0.999828  0.000017  0.000017  0.000017  0.000017
0.000017  0.000017  0.000017  0.156470  0.000017  0.000017  0.717556  0.125837  0.000017  0.000017  0.000017
0.000018  0.000018  0.000018  0.000018  0.000018  0.000018  0.424255  0.231180  0.000018  0.000018  0.344417
0.000016  0.307834  0.000016  0.531399  0.000016  0.000016  0.160636  0.000016  0.000016  0.000016  0.000016
0.000018  0.000018  0.000018  0.121438  0.000018  0.012667  0.433254  0.000018  0.000018  0.000018  0.432516
0.000018  0.357034  0.000018  0.000018  0.199187  0.000018  0.000018  0.000018  0.443637  0.000018  0.000018
0.000018  0.050360  0.000018  0.000018  0.123274  0.000018  0.000018  0.105554  0.720683  0.000018  0.000018
0.525505  0.000019  0.443034  0.000019  0.000019  0.000019  0.031309  0.000019  0.000019  0.000019  0.000019
0.138105  0.000018  0.787781  0.073969  0.000018  0.000018  0.000018  0.000018  0.000018  0.000018  0.000018
0.000017  0.081946  0.000017  0.000017  0.306352  0.000017  0.000017  0.363143  0.248438  0.000017  0.000017
0.193899  0.000016  0.714959  0.000016  0.000016  0.000016  0.000016  0.000016  0.091012  0.000016  0.000016
0.000018  0.000018  0.000018  0.000018  0.000018  0.000018  0.312835  0.000018  0.000018  0.000018  0.687004
0.000018  0.000018  0.000018  0.000018  0.000018  0.000018  0.999823  0.000018  0.000018  0.000018  0.000018
0.000018  0.000018  0.922749  0.000018  0.000018  0.000018  0.000018  0.000018  0.077088  0.000018  0.000018
0.000019  0.000019  0.905401  0.045389  0.000019  0.000019  0.000019  0.000019  0.000019  0.000019  0.049058
0.585979  0.000019  0.413848  0.000019  0.000019  0.000019  0.000019  0.000019  0.000019  0.000019  0.000019
0.683370  0.000017  0.316474  0.000017  0.000017  0.000017  0.000017  0.000017  0.000017  0.000017  0.000017
0.355619  0.000019  0.482771  0.000019  0.000019  0.034608  0.000019  0.000019  0.000019  0.126872  0.000019
0.204068  0.000018  0.729700  0.000018  0.000018  0.000018  0.000018  0.000018  0.000018  0.066090  0.000018
0.000016  0.000016  0.947903  0.000016  0.000016  0.000016  0.000016  0.000016  0.000016  0.051951  0.000016
0.144181  0.000018  0.855654  0.000018  0.000018  0.000018  0.000018  0.000018  0.000018  0.000018  0.000018
0.000018  0.000018  0.931411  0.000018  0.000018  0.000018  0.000018  0.000018  0.000018  0.068431  0.000018
0.175734  0.000018  0.774915  0.000018  0.000018  0.000018  0.000018  0.000018  0.049207  0.000018  0.000018
0.637486  0.000019  0.000019  0.000019  0.000019  0.000019  0.000019  0.000019  0.023997  0.338369  0.000019
0.000017  0.100663  0.000017  0.000017  0.000017  0.000017  0.000017  0.000017  0.459970  0.000017  0.439228
0.000017  0.000017  0.103111  0.000017  0.000017  0.000017  0.000017  0.000017  0.637990  0.000017  0.258762
0.000020  0.000020  0.077624  0.000020  0.000020  0.000020  0.000020  0.000020  0.663252  0.000020  0.258967
0.000017  0.043666  0.198140  0.000017  0.000017  0.000017  0.000017  0.000017  0.758056  0.000017  0.000017
0.000017  0.000017  0.000017  0.000017  0.000017  0.000017  0.000017  0.000017  0.852872  0.107945  0.039048
0.000018  0.000018  0.000018  0.000018  0.448057  0.000018  0.000018  0.308639  0.243162  0.000018  0.000018
0.000016  0.067531  0.000016  0.000016  0.450722  0.000016  0.000016  0.221249  0.260386  0.000016  0.000016
0.000018  0.000018  0.000018  0.000018  0.000018  0.000018  0.080177  0.000018  0.771803  0.000018  0.147879
0.000017  0.999830  0.000017  0.000017  0.000017  0.000017  0.000017  0.000017  0.000017  0.000017  0.000017
0.000019  0.000019  0.000019  0.000019  0.000019  0.000019  0.999810  0.000019  0.000019  0.000019  0.000019
0.000016  0.000016  0.000016  0.000016  0.000016  0.000016  0.999836  0.000016  0.000016  0.000016  0.000016
0.000017  0.000017  0.000017  0.214977  0.000017  0.000017  0.784869  0.000017  0.000017  0.000017  0.000017
